               -115.3089432026
         -0.000095016       0.000247243       0.000000006
          0.000247237       0.000079935       0.000000005
          0.000000006       0.000000005       0.000270617
          10
  1     6       0.107167617       0.010708975      -0.000005748  C
  2     1       0.021821793      -0.023539344      -0.003697626  H
  2     1       0.021825073      -0.023536373       0.003704173  H
  3     7       0.005307582      -0.040016478      -0.000000572  N
  2     1      -0.007050823      -0.015913018       0.199479188  H
  2     1      -0.007058082      -0.015917591      -0.199481927  H
  1     6       0.149442287       0.290953963       0.000000989  C
  4     8      -0.193007822      -0.197208453      -0.000000446  O
  4     8      -0.134596703       0.015500010      -0.000000207  O
  2     1       0.030983136      -0.007440076       0.000000288  H
