                -69.1084777933
          0.000146403       0.000066916       0.000000001
          0.000066917       0.000181611       0.000000006
          0.000000001       0.000000006       0.000426990
           8
  1     6      -0.032655733       0.007038223      -0.000007918  C
  2     1       0.035583857       0.056402418      -0.110884886  H
  2     1       0.035585318       0.056411709       0.110893518  H
  3     7      -0.100584490      -0.120230885      -0.000000966  N
  2     1      -0.006905354       0.001769091       0.196020947  H
  2     1      -0.006905324       0.001769184      -0.196020857  H
  1     6       0.078385515       0.101154566      -0.000000723  C
  3     7      -0.002955704      -0.104339976      -0.000000001  N
