                -68.8576815539
          0.000014280      -0.000122010       0.000000000
         -0.000122012      -0.000101303       0.000000000
          0.000000000       0.000000000       0.000559021
           8
  1     6       0.043022657      -0.001561628       0.000000001  C
  2     1       0.010065939       0.044155631      -0.167048431  H
  2     1       0.010065939       0.044155631       0.167048431  H
  3     7      -0.180225040      -0.125336615      -0.000000000  N
  2     1      -0.000049487       0.016381007       0.217063267  H
  2     1      -0.000049487       0.016381007      -0.217063267  H
  1     6       0.681519776       0.458757744       0.000000000  C
  3     7      -0.563722516      -0.451532886      -0.000000000  N
