                -15.2331440111
         -0.028092145       0.000000000      -0.000000000
          0.000000000      -0.000000585      -0.000000000
         -0.000000000      -0.000000000      -0.000000585
           6
  1     8       0.232233109       0.000000000      -0.000000000  O
  1     8     254.570196197      -0.000000000       0.000000033  O
  1     8    -251.267073488      -0.000000000      -0.000000043  O
  1     8      -0.232804381      -0.000000000      -0.000000000  O
  2     6    -263.174662414       0.000000000      -0.000000032  C
  2     6     259.877707386       0.000000000       0.000000043  C
