                -67.5623698589
          0.000025974      -0.000017284       0.000038953
         -0.000017279       0.000279845       0.000003833
          0.000038958       0.000003833      -0.000011493
           6
  4     7      -0.218336820      -0.044725900       0.112019434  N
  3     1       0.031803286      -0.074949221      -0.026561978  H
  3     1       0.132415811       0.081277898      -0.084891356  H
  3     1       0.004084691      -0.007643085       0.004455243  H
  2     6       0.046110785       0.334565081       0.001466026  C
  1     8       0.003355976      -0.284028877      -0.008144797  O
