                -66.8261193137
          0.000016718      -0.000006632       0.000003363
         -0.000006631       0.000024809       0.000004835
          0.000003362       0.000004836       0.000010787
           6
  4     7      -0.041262841      -0.023518766      -0.122101225  N
  3     1      -0.027348766       0.100899910       0.004918793  H
  3     1      -0.000030599      -0.002170806       0.000805916  H
  3     1       0.071738855      -0.034617866       0.075408428  H
  2     6       0.053031027      -0.057799639       0.030221441  C
  1     8      -0.055669927       0.014447709       0.009203437  O
