                -59.4411761076
          0.000134287       0.000000000       0.000000000
          0.000000000       0.000116528      -0.000001646
          0.000000000      -0.000001645      -0.008950881
           6
  4     7       0.000000004      -0.005546243       0.090474896  N
  3     1       0.000000000       0.047139914      -0.003076955  H
  3     1      -0.014458073      -0.020139161      -0.002450405  H
  3     1       0.014458070      -0.020139158      -0.002450405  H
  2     6       0.000000002      -0.001656600     -29.463829392  C
  1     8      -0.000000004       0.001867101      29.381402331  O
