               -115.5187403692
          0.000046687      -0.000115704       0.000000013
         -0.000115698       0.000201074       0.000000011
          0.000000013       0.000000011       0.000070104
          10
  1     6      -0.244709521      -0.030496764      -0.000030291  C
  2     1       0.005643575      -0.006156741       0.026050776  H
  2     1       0.005663809      -0.006135658      -0.026015781  H
  3     7       0.083282036       0.225360282      -0.000018340  N
  2     1       0.052193408      -0.067770633       0.092239243  H
  2     1       0.052187447      -0.067784809      -0.092225924  H
  1     6      -0.294815817       0.173760622      -0.000007160  C
  4     8       0.179716087      -0.211453812      -0.000002455  O
  4     8       0.301324556      -0.089857221       0.000010176  O
  2     1      -0.134987021       0.074631437      -0.000006383  H
