                -48.8961119206
          0.000003316      -0.000000000      -0.000000000
         -0.000000000       0.000003100       0.000000001
         -0.000000000       0.000000001       0.000003100
           6
  2     6       0.000043197      -0.000000009      -0.000000006  C
  3     1      -0.014527032      -0.014528300      -0.014528299  H
  3     1      -0.014527045       0.014528315       0.014528314  H
  3     1       0.014518827      -0.014517649       0.014517647  H
  3     1       0.014518832       0.014517653      -0.014517652  H
  1     8       0.000309575      -0.000000002      -0.000000002  O
